task1_precision:0.3833612040133779
task1_recall:0.9234642497482377
task1_f1:0.5418020679468242
task2_unb:0.459119496855346
task2_sha:0.4518518518518519
task2_pre:0.6141078838174274
task2_aut:0.5051546391752577
task2_met:0.39097744360902253
task2_com:0.04583333333333334
task2_the:0.29032258064516125
task2_avg:0.3939096041839143
